state={
	id=3
	name="South_Belka"
	provinces={
1056
1083
11137
11138
11139
11140
11141
11142
11143
11144
11145
1127
1139
1150
1151
1161
1331
1344
1360
1388
1489
1514
1550
1587
1928
1995
203
2035
2248
2260
2277
2320
2328
2455
2458
2554
260
2631
2657
2660
275
2787
2814
2839
287
2977
3050
3208
3227
3274
3283
3389
3424
3506
3597
3634
3649
3669
3680
3706
3737
3753
3777
3825
386
3861
3930
3933
3951
3951
3995
4084
4161
4176
4342
4353
4400
4402
4458
4461
4505
4593
4656
4669
4708
4717
4719
4765
4767
4789
4818
4819
5017
5066
5182
5284
5296
5304
5339
5382
5430
5468
5557
5558
5608
5611
5668
5681
5774
5777
5802
5803
583
5923
6904
6928
6945
6949
6950
6951
6955
6956
6962
6970
6971
6980
6981
6988
7003
7017
7019
7025
7030
7044
7045
7051
7057
7061
7065
7068
7069
7071
7087
7088
7091
7092
7106
7116
7118
7132
7134
7137
7141
7150
7152
7161
7162
7166
7178
7182
7186
7193
7196
7209
7231
7237
7238
7245
7274
7285
7293
7308
7311
7336
7337
7343
7353
7357
7368
7374
7381
7390
7391
7406
7407
7412
7417
7418
7451
7462
7473
7474
7479
7497
7508
7509
7519
7520
7524
7525
7548
7549
7560
7561
7564
7565
7570
7593
7605
7606
7607
761
7615
7616
7620
7621
7644
7660
7661
7687
7711
7712
7716
7722
7723
7724
7763
7770
7772
7777
7811
7815
7828
7836
7858
7890
7891
7906
7916
7952
7966
8016
8048
8072
8083
8125
8126
8165
8187
8215
8282
8321
8377
861
946
}
	manpower=91000000
	buildings_max_level_factor=1.5
	state_category=city

	resources = {
		steel = 10
		aluminium = 8
		oil = 15
		tungsten = 12
		chromium = 3
		rubber = 7
	}
	history={
		owner = DEB
		add_core_of = DEB		
		buildings = {
			#infrastructure = 5
            #air_base = 8
            #anti_air_building = 3
            #radar_staton = 4
			#arms_factory = 10
			#industrial_complex = 6
            #dockyard = 2
            # synthetic_refinery = 0
            # fuel_silo = 5
            #rocket_site = 1
            #nuclear_reactor = 2
    victory_points = {
            7686 30
    }
    victory_points = {
            7274 15
    }
		}
	}
}
