
strategic_region={
	id=102
	name="STRATEGICREGION_102"
	provinces={
		11228 11235 11245 11298 11307 11321 11331 11334 11340 11341 11355 11444 11450 11480 11502 11514 11542 11627 11642 11715 11724 11740 11876 11883 11885 11960 11963 11974 11980 12015 12023 12088 12147 12157 12208 12241 12297 12418 12557 12564 12744 12880 12942 13129 13202 13222 13267 13294 13397 13453 13516 13544 13568 13760 13945 14041 14113 14155 14494 14589 14608 14669 14711 14808 15104 16578 16612 16622 16636 16644 16645 16652 16660 16667 16668 16672 16676 16679 16682 16683 16684 16691 
	}
	weather={
	}
}
