
strategic_region={
	id=54
	name="STRATEGICREGION_54"
	provinces={
		551 849 1424 1557 2387 2942 3016 3048 3279 3682 3748 4395 4415 4733 5228 5338 5373 5614 5686 10730 10732 10733 10737 10738 10743 10744 10745 10746 10750 10754 10761 10762 10765 10768 10771 10775 10776 10778 10781 10783 10789 10791 10793 10794 10798 10799 10801 10802 11306 11374 11432 11515 11675 11826 12309 12377 12465 12530 12711 12771 12878 13114 13245 13333 13369 13372 13429 13447 13759 13770 13840 14062 14070 14316 14418 14498 14716 14823 14865 15043 15217 15267 15419 15430 15494 15566 16590 16598 16602 16605 16607 16610 16616 16617 16620 16623 16625 16646 
	}
	naval_terrain=water_fjords
	weather={
	}
}
