
strategic_region={
	id=57
	name="STRATEGICREGION_57"
	provinces={
		2470 2886 3198 5175 5575 10887 10893 10894 10895 10902 10915 10928 10930 10931 10932 11260 11268 11274 11425 11455 11571 11621 11713 11782 11878 11880 11955 11999 12152 12184 12222 12274 12276 12281 12352 12439 12460 12493 12672 12828 13050 13187 13358 13410 13489 13583 13790 13802 13851 13889 13896 13960 14197 14252 14459 14557 14717 14921 15021 15063 15149 15167 15185 15211 16657 16658 16659 16666 16681 16688 16699 16707 16711 16713 16715 16722 
	}
	weather={
	}
}
