
strategic_region={
	id=63
	name="STRATEGICREGION_63"
	provinces={
		181 279 355 379 408 432 605 622 981 996 1012 1058 1178 1307 1466 1590 1855 2046 2084 2119 2180 2211 2350 2596 2691 2719 2720 2865 2997 3140 3155 3199 3287 3358 3427 3640 3684 3691 3732 3920 3962 4059 4141 4174 4199 4202 4322 4534 4714 4755 4772 4952 5037 5071 5088 5334 5344 5429 5496 5753 5823 5832 5838 7934 7956 7968 7994 8037 8051 8087 8109 8136 8146 8147 8158 8189 8202 8218 8230 8251 8264 8297 8332 8371 8389 8396 8417 8432 8452 8464 8496 8497 8506 8518 8530 8531 8532 8551 8552 8559 8560 8583 8593 8594 8599 8600 8627 8628 8651 8666 8676 8697 8743 8744 8750 8751 8757 8771 8786 8790 8806 8815 8816 8822 8823 8835 8844 8849 8858 8859 8868 8869 8877 8894 8905 8910 8912 8929 8935 8963 8970 8985 9020 9038 9061 9065 9094 9107 
	}
	weather={
	}
}
