
strategic_region={
	id=67
	name="STRATEGICREGION_67"
	provinces={
		31 467 624 699 751 915 1001 1038 1214 1245 1310 1330 1391 1491 1608 1699 1836 1903 1997 2092 2182 2316 2508 2517 2610 2742 2757 2847 2922 3086 3268 3363 3380 3419 3564 3574 3598 3884 3943 3958 3993 4054 4097 4218 4289 4328 4388 4453 4609 4644 4694 4718 4748 4854 4895 5055 5067 5140 5151 5181 5197 5244 5248 5590 5806 5855 5875 5885 5904 5905 9241 9249 9287 9293 9312 9315 9337 9338 9344 9345 9348 9363 9371 9377 9378 9382 9385 9386 9391 9399 9407 9408 9425 9429 9430 9431 9438 9446 9451 9466 9467 9473 9479 9487 9491 9504 9515 9530 9535 9536 9549 9562 9574 9580 9581 9582 9592 9593 9594 9603 9604 9618 9632 9640 9646 9647 9648 9659 9666 9681 9688 9707 9711 9712 9724 9731 9740 9747 9748 9779 9780 9795 9796 9803 9804 9806 9807 9836 9837 9844 9854 9855 9860 9861 9870 9872 9890 9903 9909 9916 9922 9935 9944 11200 11203 11204 16928 
	}
	weather={
	}
}
