
strategic_region={
	id=75
	name="STRATEGICREGION_75"
	provinces={
		54 70 223 401 661 895 1025 1091 1160 1170 1324 1338 1444 1485 1545 1568 1708 1792 1802 1822 1858 1864 1871 2081 2144 2225 2279 2281 2353 2542 2592 2685 2823 2890 3092 3312 3313 3341 3460 3517 3523 3566 3605 3792 3847 3929 4026 4104 4203 4223 4242 4274 4298 4333 4340 4429 4430 4445 4494 4524 4577 4745 4777 4787 4851 4860 4887 4892 4932 4955 4967 4973 4998 5069 5141 5185 5362 5439 5483 5527 5549 5602 5618 5705 5723 5791 5820 5941 7989 8005 8039 8062 8076 8089 8115 8160 8179 8185 8196 8220 8245 8246 8275 8291 8313 8340 8347 8375 8390 8434 8446 8450 8466 8482 8486 8509 8527 8562 8570 8576 8585 8586 8603 8634 8635 8642 8668 8715 8722 8740 8745 8794 8802 8817 8829 8830 8848 8872 8878 8887 8891 8896 8897 8901 8907 8914 8923 8932 8937 8943 8944 8950 8965 8966 8979 8981 8982 9004 9015 9022 9028 9053 9075 9118 9197 9257 9274 11175 11179 11181 11182 11183 11185 11187 13232 13989 14897 15126 15520 16222 
	}
	weather={
	}
}
