
strategic_region={
	id=77
	name="STRATEGICREGION_77"
	provinces={
		248 474 862 1180 1936 1951 2129 3308 3401 3465 3542 4219 4507 4537 5101 5455 5497 8967 8968 9054 9070 9110 9124 9156 9203 9324 9325 9427 9522 9525 9557 9563 9567 9601 9605 9650 9699 9733 9761 11189 11190 11193 11199 11248 11499 11593 12031 12074 12094 12104 12582 12865 13266 13717 13914 14217 14421 14452 14566 14678 14689 14706 14988 15153 15228 15403 16258 16273 16291 16295 16301 16312 16318 16320 16329 16332 
	}
	naval_terrain=water_fjords
	weather={
	}
}
