
strategic_region={
	id=79
	name="STRATEGICREGION_79"
	provinces={
		5814 8542 8595 8623 8670 8678 11159 11166 11417 11424 11490 11565 11666 11716 11953 12135 12342 12473 12648 12658 12838 13005 13150 13152 13182 13550 13757 13805 13823 13904 13944 14093 14104 14140 14312 14322 14326 14364 14379 14381 14478 14577 14622 14661 14680 14697 14772 14813 14901 15136 15146 15379 15506 15511 15516 15533 15558 15562 16051 16059 16071 16095 16103 16118 16126 16138 16140 16148 16152 16162 16182 16199 16204 16205 16216 16229 16236 
	}
	weather={
	}
}
