
strategic_region={
	id=83
	name="STRATEGICREGION_83"
	provinces={
		524 952 1472 1690 2031 2104 2944 3116 3181 4158 4272 4315 4363 4704 4797 4861 5480 5563 10501 10512 10531 10629 11316 11378 11398 11459 11464 11533 11551 11636 11777 11794 11874 11948 11957 11964 11995 12018 12052 12058 12092 12099 12144 12146 12165 12175 12204 12277 12283 12306 12340 12353 12475 12550 12556 12619 12753 12784 12787 12947 13009 13026 13040 13106 13142 13149 13302 13311 13315 13334 13403 13414 13695 13710 13727 13774 13867 13890 13932 13984 14092 14130 14179 14207 14228 14338 14409 14410 14429 14431 14466 14468 14528 14629 14682 14888 14948 14968 14986 15070 15094 15171 15371 15380 15408 15581 16543 16552 16554 16565 16568 16572 16574 16619 16624 16629 16638 16639 16642 16651 16656 16686 16694 16704 16712 16724 
	}
	weather={
	}
}
