
strategic_region={
	id=86
	name="STRATEGICREGION_86"
	provinces={
		131 149 159 214 249 285 372 504 569 692 706 789 836 866 983 989 1223 1228 1268 1301 1405 1715 1892 1955 2044 2093 2103 2127 2190 2197 2307 2337 2340 2354 2370 2437 2478 2552 2618 2619 2675 2792 2829 2918 2991 3031 3072 3285 3295 3314 3435 3546 3655 3688 3846 3956 4082 4090 4091 4181 4206 4255 4271 4326 4344 4368 4448 4508 4521 4523 4571 4591 4592 4685 4886 4913 4969 5009 5012 5442 5629 5641 5645 5653 5766 5767 5786 5882 5899 5910 5942 8399 8414 8490 8523 8571 8605 8612 8617 8624 8631 8660 8682 8683 8703 8707 8741 8768 8804 8866 8946 8952 9007 9008 9064 9103 9151 9173 9181 9194 9231 9289 9310 9316 9317 9353 9357 9361 9365 9366 9373 9380 9415 9417 9433 9441 9463 9476 9478 9483 9493 9501 9507 9528 9533 9539 9545 9547 9571 9577 9589 9597 9615 9642 9657 16925 16926 
	}
	weather={
	}
}
