
strategic_region={
	id=99
	name="STRATEGICREGION_99"
	provinces={
		11234 11237 11280 11297 11320 11357 11360 11410 11491 11513 11582 11620 11670 11747 11757 11822 11932 11934 11962 11982 12004 12021 12069 12095 12119 12126 12129 12134 12182 12210 12218 12240 12256 12260 12275 12279 12282 12310 12319 12383 12389 12391 12400 12425 12479 12529 12536 12572 12578 12594 12603 12616 12626 12628 12693 12702 12735 12763 12856 12863 12907 12931 12945 12952 12972 12976 12986 12993 13042 13068 13099 13137 13164 13167 13184 13198 13201 13219 13250 13321 13327 13379 13468 13480 13616 13634 13682 13700 13706 13711 13712 13720 13862 13863 13912 13930 13942 13957 13969 13972 13977 13978 14025 14040 14103 14129 14141 14142 14205 14221 14223 14231 14263 14304 14309 14323 14367 14388 14489 14517 14530 14536 14567 14596 14609 14657 14660 14683 14754 14814 14833 14836 14842 14917 14924 14925 14963 14967 14994 15012 15050 15056 15186 15201 15235 15282 15287 15303 15370 15439 15449 15484 15522 15557 16693 16702 16720 16733 16735 16738 16741 16759 16762 16776 16780 16785 16787 16788 16789 16801 16824 16833 16839 16845 16848 16851 16853 16857 16858 16862 16865 16866 16868 16870 16871 16877 16878 16882 16885 16886 16890 16891 16892 16893 16894 16895 16896 16899 16900 16901 16902 16905 16906 16908 16911 
	}
	naval_terrain=water_deep_ocean
	weather={
	}
}
