
strategic_region={
	id=14
	name="STRATEGICREGION_14"
	provinces={
		117 244 272 590 628 701 709 955 992 1078 1166 1220 1255 1309 1350 1397 1425 1478 1597 1615 1652 1669 1695 1825 1884 1959 2062 2183 2298 2377 2385 2393 2409 2416 2474 2486 2567 2686 2692 2994 3104 3130 3180 3202 3357 3386 3470 3587 3660 3667 3671 3681 3693 3843 3879 4003 4043 4088 4099 4131 4270 4293 4300 4372 4464 4468 4488 4557 4570 4613 4639 4877 4980 4999 5027 5031 5092 5205 5232 5322 5363 5453 5454 5470 5748 5769 5828 5856 5883 5906 7389 7448 7496 7501 7514 7535 7544 7559 7563 7577 7586 7649 7664 7670 7678 7684 7685 7686 7710 7736 7752 7753 7762 7766 7769 7792 7827 7847 7857 7965 7992 8023 8028 8042 8064 8093 8099 8150 8172 8192 8208 8242 8262 8271 8281 8316 8350 8351 8359 8410 8425 8454 8492 8493 8514 8524 8544 8566 8607 8625 8653 8662 8695 8696 8776 8809 
	}
	weather={
	}
}
