
strategic_region={
	id=26
	name="STRATEGICREGION_26"
	provinces={
		570 1145 1497 1827 3592 3742 4739 6227 6287 11093 11100 11101 11102 11103 11278 11330 11407 11475 11635 11651 12187 12358 12742 12868 12966 13146 13239 13368 13373 13520 13573 13644 13661 13788 13844 13925 13927 14054 14166 14196 14199 14240 14400 14499 14679 14743 14744 14780 14788 14854 14860 15014 15111 15151 15195 15275 15358 15366 15367 15440 15460 15576 15748 15755 15761 15764 15768 15769 15775 15778 15779 15794 15806 15813 15820 15826 15828 15837 15840 15852 15865 15870 15878 15882 15883 15902 
	}
	naval_terrain=water_fjords
	weather={
	}
}
