
strategic_region={
	id=34
	name="STRATEGICREGION_34"
	provinces={
		203 260 386 583 761 861 946 1056 1127 1139 1150 1151 1331 1344 1360 1388 1489 1550 1587 1928 1995 2035 2260 2277 2320 2455 2458 2631 2657 2660 2787 2860 3050 3227 3274 3283 3389 3424 3506 3597 3649 3680 3706 3737 3753 3777 3825 3861 3930 4161 4176 4342 4400 4461 4505 4593 4656 4669 4708 4717 4719 4765 4767 4818 4819 5017 5182 5284 5382 5430 5512 5557 5608 5611 5668 5681 5774 5777 5802 5803 5923 7019 7025 7045 7057 7061 7065 7068 7069 7087 7088 7091 7092 7106 7116 7132 7134 7137 7150 7152 7161 7162 7166 7178 7182 7193 7196 7209 7231 7237 7285 7308 7311 7336 7337 7343 7353 7368 7374 7381 7390 7406 7407 7417 7451 7462 7473 7474 7479 7508 7509 7519 7520 7524 7525 7548 7560 7561 7564 7565 7570 7593 7605 7606 7615 7616 7620 7621 7644 7660 7661 7687 7712 7716 7722 7723 7724 7763 7770 7777 7811 7828 7836 7858 7890 7891 7906 7916 7966 8016 8048 8072 8083 8125 8165 8215 8282 8321 8377 
	}
	weather={
	}
}
