
strategic_region={
	id=55
	name="STRATEGICREGION_55"
	provinces={
		97 856 908 1747 2242 3579 3754 3913 4002 4157 4514 4547 4603 4873 5036 5775 5839 10940 10943 10944 10951 10954 10955 10960 10963 10964 10965 10967 10968 10974 10975 10978 10981 10983 10985 10988 10989 10993 10994 10995 10996 10997 10999 11002 11003 11004 11011 11013 11015 11017 11019 11285 11385 11545 11611 11630 11697 11721 11820 11830 11834 11924 11971 11977 11985 12010 12020 12375 12392 12409 12455 12528 12736 12741 12755 12815 12836 12888 12996 13003 13077 13112 13173 13276 13425 13439 13445 13491 13495 13556 13603 13655 13669 13679 13690 13726 13755 13769 13845 13878 13920 13953 13987 13995 14005 14033 14071 14076 14097 14105 14216 14227 14305 14405 14441 14475 14492 14505 14521 14568 14652 14731 14773 14791 14806 14821 14829 15027 15076 15078 15270 15273 15285 15318 15368 15372 15391 15423 15447 15578 16596 16608 16634 16648 16690 16696 16714 16725 16728 16748 16749 16771 16779 16782 16799 16807 16815 16816 16822 16823 16834 16837 16842 16847 16850 16856 
	}
	weather={
	}
}
