
strategic_region={
	id=113
	name="STRATEGICREGION_113"
	provinces={
		72 85 90 92 96 147 217 311 352 403 555 600 665 734 745 809 878 885 1062 1164 1253 1303 1316 1348 1421 1453 1584 1596 1654 1737 1852 1912 1978 2063 2066 2241 2318 2334 2358 2382 2415 2451 2495 2548 2611 2706 2788 2885 2898 3228 3236 3269 3323 3346 3348 3451 3581 3810 3864 4058 4096 4267 4280 4527 4758 4836 4902 4935 5023 5024 5032 5033 5065 5150 5237 5265 5319 5376 5404 5485 5541 5698 5703 5706 5707 5779 5871 5895 5944 7765 7868 7947 7948 8063 8070 8090 8102 8190 8197 8298 8318 8319 8334 8348 8349 8379 8487 8498 8510 8578 8596 8610 8615 8636 8688 8712 8732 8733 8837 8892 8908 8918 8924 8925 8926 8962 8972 8995 8999 9005 9040 9063 9086 9111 9158 9191 9192 9238 
	}
	weather={
	}
}
