
strategic_region={
	id=114
	name="STRATEGICREGION_114"
	provinces={
		35 202 230 259 366 611 614 675 707 1183 1383 1849 2048 2130 2173 2232 2326 2380 2481 2496 2549 2557 2627 2679 2724 2749 2775 2822 2917 2971 3003 3093 3117 3185 3218 3326 3421 3630 3758 3857 3911 3923 4200 4373 4486 4502 4614 4747 4878 4889 5040 5086 5147 5153 5452 5560 5639 5745 5805 5970 5973 5974 5975 5976 5977 5978 5980 5982 5984 5985 5987 5988 5989 5990 5991 5992 5993 5994 5995 5997 5998 5999 6000 6001 6003 6004 6005 6006 6007 6008 6009 6010 6011 6012 6013 6016 6018 6019 6020 6021 6022 6023 6024 6025 6027 6028 6029 6030 6031 6034 6035 6036 6037 6039 6040 6041 6042 6044 6046 6048 6049 6050 6051 6054 6056 6058 6061 6063 6064 6065 6069 6070 6073 6075 6078 6079 6081 6084 6085 6087 6095 6098 6104 6106 6114 6124 6125 6126 6135 6148 6153 6160 6182 
	}
	weather={
	}
}
