
strategic_region={
	id=123
	name="STRATEGICREGION_123"
	provinces={
		84 142 301 316 333 416 476 490 499 528 541 654 711 833 1004 1007 1011 1090 1099 1121 1235 1292 1320 1332 1351 1484 1508 1649 1722 1733 1771 1811 1860 2058 2187 2226 2264 2317 2351 2622 2690 2702 2727 2832 2894 2908 3056 3146 3254 3433 3439 3450 3537 3560 3708 3778 3870 3988 4025 4069 4154 4188 4345 4383 4498 4550 4622 4701 4728 4904 4939 5013 5054 5260 5306 5515 5612 5674 5701 5776 5787 5848 5968 6105 6117 6121 6136 6146 6154 6169 6175 6176 6190 6193 6202 6211 6212 6226 6229 6234 6246 6255 6258 6272 6288 6296 6297 6300 6309 6317 6327 6334 6337 6342 6343 6352 6364 6369 6373 6377 6381 6387 6392 6393 6397 6404 6409 6415 6419 6421 6429 6433 6440 6442 6445 6451 6452 6453 6456 6461 6469 6475 6480 6503 6508 6531 6535 
	}
	weather={
	}
}
