
strategic_region={
	id=128
	name="STRATEGICREGION_128"
	provinces={
		11442 11530 11650 11933 12191 12192 12268 12278 12355 12687 12732 12750 12892 12957 13019 13035 13048 13130 13185 13225 13287 13329 13345 13409 13496 13523 13586 13593 13621 13738 13740 13747 13789 13864 13865 13888 14269 14315 14460 14554 14592 14603 14640 14673 14699 14759 14783 14857 15190 15215 15220 15277 15313 15342 15508 15517 15903 15922 15931 15950 15965 15973 15979 15983 15984 15988 15990 16002 16020 16024 16039 16040 16046 16058 16060 
	}
	weather={
	}
}
