
strategic_region={
	id=129
	name="STRATEGICREGION_129"
	provinces={
		11602 11708 11824 11893 11946 11967 12035 12049 12200 12322 12357 12467 12520 12577 12581 12612 12667 12800 12831 12848 12852 12938 13045 13131 13217 13292 13298 13353 13450 13482 13492 13566 13667 13745 13811 13818 13873 13905 13986 13991 14020 14045 14094 14118 14242 14261 14300 14341 14623 14647 14803 14840 14873 14952 15007 15009 15049 15077 15262 15299 15339 15376 15890 15900 15908 15909 15921 15925 15943 15947 15958 15959 15961 15970 15971 15976 15991 16004 16007 16016 16018 16027 16036 16048 16050 16056 16063 16076 16080 16092 16093 
	}
	naval_terrain=water_shallow_sea
	weather={
	}
}
