
strategic_region={
	id=132
	name="STRATEGICREGION_132"
	provinces={
		161 443 691 1412 1418 1873 2574 3496 4646 5217 5953 11065 11074 11078 11079 11080 11082 11084 11085 11086 11090 11097 11099 11252 11431 11437 11458 11617 11693 11848 11851 12003 12045 12059 12073 12131 12209 12248 12273 12560 12579 12646 12669 12695 12721 12774 12801 12833 12943 13021 13134 13199 13325 13401 13418 13426 13444 13461 13490 13498 13574 13589 13609 13653 13709 13716 13728 13752 13766 13776 13831 13911 13929 13967 13968 14095 14144 14162 14188 14194 14257 14277 14288 14340 14363 14397 14399 14442 14526 14540 14544 14569 14655 14662 14665 14684 14764 14765 14817 14826 15124 15133 15152 15157 15180 15232 15304 15464 15466 15582 15583 15592 15597 15601 15604 15607 15629 15632 15647 15658 15659 15661 15675 15678 15683 15697 15709 15713 15715 15723 15751 15756 15763 15777 15783 15816 
	}
	naval_terrain=water_fjords
	weather={
	}
}
