
strategic_region={
	id=133
	name="STRATEGICREGION_133"
	provinces={
		295 502 521 697 742 1018 1050 1051 1069 1234 1601 1845 1988 2021 2059 2360 2680 2777 3103 3345 3425 3467 3565 3612 3773 3882 4343 4406 5321 5390 5603 5633 5687 5702 5950 5958 5961 5964 5965 5972 6002 6017 6032 6043 6139 11067 11068 11069 11070 11071 11072 11073 11075 11076 11077 11112 11368 11380 11470 11535 11564 11569 11679 11728 11892 11896 11901 11978 12036 12105 12216 12219 12407 12416 12417 12629 12643 12660 12696 12698 12709 12820 12861 12895 12898 12915 12962 12983 12985 13006 13029 13156 13258 13297 13351 13365 13395 13420 13437 13472 13484 13497 13501 13578 13595 13619 13628 13705 13707 13722 13772 13928 14004 14022 14023 14117 14206 14267 14282 14328 14358 14435 14486 14691 14847 14869 14886 14908 14974 14989 15042 15079 15096 15128 15140 15223 15225 15237 15246 15247 15349 15593 15595 15596 15606 15609 15611 15612 15614 15615 15616 15623 15634 15641 15649 15650 15651 15653 15657 15663 15665 15682 15686 15691 15698 15704 15707 15721 15735 15741 15754 15803 15819 
	}
	naval_terrain=water_fjords
	weather={
	}
}
