
strategic_region={
	id=134
	name="STRATEGICREGION_134"
	provinces={
		11107 11109 11110 11113 11114 11115 11273 11369 11396 11404 11413 11492 11529 11531 11600 11685 11788 11926 11950 11970 11975 12080 12160 12423 12457 12476 12478 12512 12641 12760 12830 12998 13088 13111 13123 13153 13166 13251 13337 13340 13370 13389 13483 13507 13659 13704 13714 13735 13800 13835 13918 14122 14218 14284 14350 14422 14425 14686 14703 14730 14742 14782 14849 14879 14958 15102 15455 15479 15518 15525 15605 15618 15666 15705 15708 15733 15752 15766 15770 15781 15784 15805 15807 15818 15825 
	}
	naval_terrain=water_deep_ocean
	weather={
	}
}
