
strategic_region={
	id=135
	name="STRATEGICREGION_135"
	provinces={
		11123 11247 11361 11411 11429 11471 11496 11506 11512 11559 11587 11662 11711 11752 11763 11825 11838 11882 11916 12030 12043 12070 12093 12176 12341 12369 12430 12449 12498 12587 12718 12724 12727 12777 12807 12837 12903 12916 12999 13117 13148 13195 13221 13299 13310 13349 13381 13631 13651 13701 13739 13768 13951 14000 14012 14220 14239 14330 14416 14529 14580 14582 14644 14708 14710 14846 14929 14936 14942 14965 15035 15122 15192 15203 15346 15411 15424 15454 15874 15876 15884 15897 15919 15954 15992 16008 16045 16106 
	}
	weather={
	}
}
