
strategic_region={
	id=137
	name="STRATEGICREGION_137"
	provinces={
		766 5996 11089 11091 11092 11232 11336 11351 11365 11384 11409 11434 11465 11579 11592 11626 11648 11674 11689 11742 11770 11780 11783 11805 11837 11868 11873 11895 11899 11917 12032 12048 12103 12116 12132 12142 12242 12308 12335 12382 12386 12399 12565 12568 12589 12623 12644 12645 12694 12719 12780 12919 12950 13160 13218 13226 13269 13344 13362 13622 13649 13955 14049 14065 14085 14170 14176 14308 14365 14439 14503 14513 14539 14549 14579 14624 14889 14946 14956 15245 15293 15307 15381 15478 15588 15637 15648 15667 15668 15679 15680 15722 15727 15729 15730 15740 15743 15746 15772 
	}
	naval_terrain=water_deep_ocean
	weather={
	}
}
