
strategic_region={
	id=138
	name="STRATEGICREGION_138"
	provinces={
		11249 11283 11288 11447 11460 11517 11574 11598 11601 11738 11756 11772 11803 11845 11846 11911 12183 12272 12288 12376 12381 12403 12459 12545 12559 12699 12766 12808 12853 12935 13030 13062 13110 13125 13174 13248 13272 13308 13386 13460 13581 13630 13876 14028 14072 14090 14106 14200 14260 14268 14307 14408 14451 14515 14538 14572 14616 14700 14728 14738 14749 14807 14818 14957 15029 15044 15109 15243 15291 15402 15461 15474 15514 15546 15594 15598 15602 15603 15619 15620 15621 15624 15625 15626 15633 15635 15638 15640 15643 15644 15645 15646 15654 15655 15656 15660 15662 15669 15672 15674 15676 15684 15685 
	}
	naval_terrain=water_deep_ocean
	weather={
	}
}
