
strategic_region={
	id=142
	name="STRATEGICREGION_142"
	provinces={
		11433 11435 11536 11657 11668 11760 11795 11806 11840 11920 12014 12057 12098 12190 12214 12215 12227 12233 12291 12350 12354 12374 12394 12396 12495 12509 12537 12569 12681 12707 12710 12785 12822 12823 12858 12893 12958 13023 13060 13210 13263 13268 13270 13350 13360 13378 13427 13470 13475 13554 13580 13660 13697 13715 13792 13804 13853 13869 13936 13950 13975 13988 14102 14132 14135 14163 14331 14336 14390 14413 14485 14604 14659 14668 14878 14899 14928 14971 14990 15041 15051 15073 15105 15191 15204 15229 15294 15375 15412 15477 16361 16364 16383 16390 16397 16404 16407 16410 16416 16437 16439 16443 16458 16464 16495 16496 16504 16509 16514 16515 16523 16529 16540 16563 16566 16571 16583 16586 16589 
	}
	weather={
	}
}
