
strategic_region={
	id=143
	name="STRATEGICREGION_143"
	provinces={
		11230 11236 11258 11284 11293 11329 11346 11358 11376 11377 11382 11387 11394 11402 11422 11466 11474 11495 11505 11509 11518 11523 11526 11537 11539 11540 11586 11590 11591 11629 11644 11683 11703 11717 11725 11734 11739 11741 11753 11755 11762 11771 11802 11812 11813 11831 11852 11861 11866 11870 11871 11875 11879 11881 11884 11886 11894 11910 11956 11958 11968 11989 11990 12038 12050 12054 12056 12065 12077 12097 12109 12151 12155 12156 12164 12171 12173 12186 12217 12229 12230 12253 12261 12262 12290 12299 12315 12404 12415 12426 12462 12472 12501 12518 12532 12583 12585 12598 12607 12611 12639 12650 12655 12671 12697 12714 12734 12749 12767 12812 12876 12896 12905 12934 12968 12973 12975 12989 12994 13014 13028 13039 13051 13053 13065 13103 13109 13135 13205 13295 13303 13319 13359 13383 13388 13396 13398 13415 13422 13441 13452 13473 13481 13494 13500 13509 13514 13518 13524 13535 13546 13557 13562 13575 13587 13602 13611 13623 13629 13673 13688 13719 13723 13736 13749 13767 13773 13781 13782 13884 13901 13933 13949 13996 14044 14060 14101 14111 14116 14119 14121 14160 14195 14250 14256 14283 14306 14337 14343 14368 14378 14383 14406 14497 14525 14575 14584 14590 14602 14611 14621 14631 14693 14705 14726 14767 14776 14779 14794 14804 14815 14816 14837 14839 14851 14855 14876 14905 14913 14916 14975 15002 15003 15011 15019 15039 15065 15082 15252 15265 15352 15398 15406 15421 15431 15437 15444 15468 15480 15521 15567 15573 15577 16548 16550 16567 16576 16579 16580 16582 16587 16588 16592 16600 16601 16611 16614 16621 16627 16628 16633 16641 16664 16673 16680 16685 16698 16705 16710 16716 16727 16736 16746 16756 16760 16761 16766 16773 16777 16781 16786 16790 16794 16795 16797 16800 16806 16809 16812 16813 16817 16819 16821 16827 16828 16829 16835 16846 16849 16852 16854 16863 16872 16881 16883 16888 16889 
	}
	naval_terrain=water_deep_ocean
	weather={
	}
}
