
strategic_region={
	id=148
	name="STRATEGICREGION_148"
	provinces={
		388 2778 3082 3635 4014 8864 9023 11233 11263 11295 11443 11525 11547 11765 11779 11833 11988 12236 12332 12348 12413 12548 12553 12555 12625 12689 12894 12899 12928 13020 13115 13147 13194 13216 13246 13355 13380 13559 13597 13633 13642 13871 14015 14043 14189 14230 14244 14339 14346 14671 14687 14778 14895 14983 14984 15059 15164 15545 16245 16254 16286 16296 16310 16327 16345 16409 16465 16480 16492 16500 16501 16924 
	}
	naval_terrain=water_deep_ocean
	weather={
	}
}
