
strategic_region={
	id=155
	name="STRATEGICREGION_155"
	provinces={
		11245 11334 11378 11398 11514 11551 11715 11740 11794 11876 11957 11960 11995 12015 12023 12052 12058 12092 12146 12147 12165 12208 12306 12418 12564 12744 12753 12784 13009 13026 13040 13129 13149 13222 13267 13294 13302 13334 13397 13414 13453 13516 13544 13695 13710 13867 13890 13932 13945 14092 14338 14409 14431 14466 14494 14528 14711 14808 14948 14968 15094 15104 15380 15408 15581 16624 16629 16636 16638 16639 16642 16644 16645 16651 16652 16656 16660 16667 16668 16672 16676 16679 16682 16683 16684 16686 16691 16694 16704 16712 16724 
	}
	naval_terrain=water_shallow_sea
	weather={
	}
}
