
strategic_region={
	id=157
	name="STRATEGICREGION_157"
	provinces={
		11257 11339 11405 11451 11556 11612 11641 11700 11872 11940 12027 12034 12100 12118 12124 12150 12211 12368 12370 12388 12482 12504 12543 12574 12640 12686 12772 12805 12826 12925 13034 13076 13175 13176 13179 13183 13207 13234 13256 13306 13312 13314 13464 13526 13596 13689 13694 13698 13849 13887 13897 13974 14014 14016 14027 14064 14136 14150 14172 14287 14292 14453 14479 14727 14733 14792 14819 14892 14961 14962 15015 15080 15086 15142 15177 15234 15396 15458 15530 16006 16017 16029 16033 16041 16054 16065 16068 16072 16078 16089 16094 16098 16102 16158 16174 16176 16202 16207 16210 16217 16247 16252 16256 16257 16259 16263 16265 16267 16268 16277 16278 16287 
	}
	weather={
	}
}
