
strategic_region={
	id=16
	name="STRATEGICREGION_16"
	provinces={
		79 109 111 125 187 308 310 330 373 406 518 535 559 591 617 668 750 759 800 813 851 933 958 1028 1043 1088 1129 1133 1174 1182 1208 1259 1266 1280 1384 1430 1446 1461 1479 1483 1524 1636 1648 1719 1746 1748 1797 1935 1986 1991 1999 2006 2020 2069 2165 2184 2223 2309 2526 2559 2615 2745 2759 2765 2831 2873 2905 2962 2979 3006 3026 3095 3121 3141 3251 3293 3294 3408 3453 3481 3541 3650 3677 3796 3902 3904 3917 3978 4011 4085 4122 4179 4196 4232 4243 4244 4256 4266 4276 4428 4480 4568 4617 4635 4652 4687 4689 4692 4735 4775 4842 4865 4879 4982 5114 5242 5292 5366 5435 5493 5632 5726 5735 5817 5893 5940 6158 6237 6254 6271 6318 6340 6354 6372 6376 6383 6395 6405 6432 6443 6471 6488 6498 6506 6509 6511 6542 6562 6563 6583 6635 6640 6641 6681 6686 6687 6730 6736 6756 6761 6766 6777 6790 6792 6793 6800 6805 6807 6809 6814 6819 6833 6835 6840 6841 6842 6843 6844 6864 6865 6866 6873 6881 6883 6885 6886 6888 6889 6894 6911 6913 6914 6915 6919 6920 6926 6927 6931 6933 6935 6940 6941 6943 6947 6953 6963 6967 6976 6979 6994 7005 7027 16915 16920 
	}
	weather={
	}
}
