
strategic_region={
	id=25
	name="STRATEGICREGION_25"
	provinces={
		275 834 1272 2248 2328 2554 2715 3051 3477 3927 3995 4353 4402 4458 5110 5316 5468 5736 5916 6512 6514 6521 6526 6543 6546 6551 6552 6554 6573 6579 6601 6610 6611 6636 6642 6671 6904 6928 6945 6949 6950 6951 6955 6956 6962 6970 6971 6980 6981 6988 11332 11370 11469 11560 11835 11844 11945 11983 12013 12258 12266 12294 12431 12751 13016 13046 13094 13101 13181 13212 13385 13407 13565 13615 13638 13866 13894 13922 13983 13990 14201 14211 14224 14233 14273 14310 14386 14389 14785 14912 14944 14979 14987 15155 15189 15196 15236 15356 15361 15505 15541 15845 15855 15879 15888 15935 15942 15962 15964 15987 16010 16021 16043 16052 16066 16067 
	}
	weather={
	}
}
