
strategic_region={
	id=28
	name="STRATEGICREGION_28"
	provinces={
		69 312 429 658 917 1558 1606 1949 2171 2274 2524 2620 2770 2978 3087 4637 6096 6119 6396 6411 6418 11117 11118 11238 11486 11616 12102 12311 12410 12412 12670 12874 12882 13091 13191 13348 13442 13702 13721 13807 13828 14073 14226 14254 14361 14420 14424 14585 14698 14880 14900 14922 15091 15150 15162 15332 15335 15442 15767 15780 15782 15788 15791 15792 15793 15797 15800 15801 15808 15809 15814 15830 15831 15839 15844 15850 15860 15861 15862 15875 15881 15886 
	}
	naval_terrain=water_fjords
	weather={
	}
}
