
strategic_region={
	id=5
	name="STRATEGICREGION_5"
	provinces={
		25 143 162 168 209 232 463 496 679 686 758 931 1016 1037 1117 1128 1165 1349 1381 1582 1814 1842 1933 2036 2110 2216 2283 2521 2564 2629 2736 2816 2858 2954 2983 3005 3038 3211 3454 3455 3507 3532 3619 3826 4230 4238 4317 4771 4847 4908 4923 5044 5084 5267 5381 5472 5587 5725 5732 5812 5928 8015 8078 8092 8098 8116 8124 8134 8141 8155 8161 8162 8171 8213 8224 8232 8233 8255 8256 8274 8280 8300 8336 8365 8381 8401 8462 8546 8547 8601 8638 8645 8661 8713 8716 8725 8774 8775 8795 8826 8838 8843 8856 8903 8933 8938 8959 8969 8976 9026 9090 9104 12419 12964 13506 13959 14157 14212 14755 15276 15540 16211 16225 16226 16230 
	}
	naval_terrain=water_fjords
	weather={
	}
}
