
strategic_region={
	id=56
	name="STRATEGICREGION_56"
	provinces={
		1676 2077 2609 2784 2790 2933 3034 3575 4308 4367 4456 4596 4784 4987 5484 10896 10897 10898 10899 10900 10901 10903 10904 10905 10906 10907 10908 10909 10910 10911 10912 10913 10914 10916 10917 10918 10919 10920 10921 10922 10923 10924 10925 10926 10927 10929 10936 10939 10942 10945 10947 10948 10950 10952 10953 10956 10957 10958 10959 10962 10966 10971 10972 11315 11438 11439 11445 11532 11628 11702 11709 11737 11768 11792 11798 11850 11900 11906 11928 11951 11961 11981 12007 12055 12138 12159 12213 12223 12225 12246 12286 12293 12343 12365 12433 12464 12489 12502 12539 12725 12791 12840 12937 13022 13223 13224 13235 13278 13285 13376 13404 13465 13543 13640 13674 13692 13713 13724 13746 13820 13846 13848 13855 13881 13908 13999 14013 14078 14091 14107 14123 14127 14168 14210 14225 14289 14314 14329 14352 14401 14414 14419 14434 14462 14487 14495 14556 14561 14574 14613 14618 14651 14658 14663 14828 14844 14856 14884 14919 14926 15013 15018 15053 15075 15163 15231 15238 15248 15269 15272 15274 15322 15347 15353 15383 15392 15469 15496 15556 16663 16665 16689 16695 16700 16701 16703 16708 16723 16731 16734 16737 16739 16743 16751 16753 16755 16763 16768 16791 16792 16804 16810 16820 16825 16826 16830 16832 16836 16838 16840 16841 16843 16844 16860 16861 16864 16867 16869 16873 16875 16880 16884 
	}
	weather={
	}
}
