
strategic_region={
	id=6
	name="STRATEGICREGION_6"
	provinces={
		163 328 353 500 514 722 887 994 1095 1152 1279 1477 1528 1612 1702 1749 1764 1791 1854 2117 2166 2286 2374 2431 2479 2635 2766 2889 3143 3233 3515 3582 3646 3662 3723 3829 4063 4490 4736 4808 4863 5058 5117 5231 5341 5559 5620 5755 5798 5861 5921 9050 9068 9077 9083 9128 9129 9134 9152 9160 9164 9168 9174 9205 9218 9232 9244 9275 9278 9279 9280 9295 9314 9318 9329 9341 9362 9374 9396 9411 9422 9436 9437 9460 9489 9508 9583 9590 9616 9638 9662 9669 9677 9687 9709 9728 9746 9782 
	}
	weather={
	}
}
