
strategic_region={
	id=60
	name="STRATEGICREGION_60"
	provinces={
		392 556 945 987 1048 1049 1155 1304 1340 1464 1711 1772 1807 1962 2289 2306 2329 2599 2682 2735 2774 2812 2871 2887 2892 2948 3014 3203 3221 3292 3309 3382 3399 3468 3526 3609 3731 3768 3803 3883 3955 3987 4036 4140 4309 4459 4654 4657 4759 4849 4859 4870 4947 5038 5072 5143 5191 5241 5258 5324 5424 5463 5521 5535 5631 5694 5813 5878 5930 5937 7538 7545 7550 7588 7640 7646 7651 7690 7728 7739 7740 7759 7760 7781 7794 7816 7846 7853 7866 7874 7901 7908 7913 7930 7944 7954 7963 7976 7977 8002 8017 8025 8032 8061 8080 8086 8088 8094 8095 8145 8156 8168 8176 8205 8259 8276 8286 8306 8388 8421 8443 8456 8471 8505 8550 8555 8567 8608 8620 8649 8665 8691 8692 8705 8714 8720 8721 8727 8784 8797 8821 11169 11173 
	}
	weather={
	}
}
