
strategic_region={
	id=64
	name="STRATEGICREGION_64"
	provinces={
		817 911 1196 1440 2151 2378 2986 3074 4207 4253 4495 4645 4896 4986 5109 5528 9031 9032 9033 9039 9045 9074 9080 9101 9138 9170 9220 9223 9264 9268 9292 9343 9381 9398 9482 9566 9573 9591 9611 9617 9622 9639 9645 9684 9696 9697 9698 9730 9739 9744 9784 9790 9794 9853 9867 9868 9869 9884 11191 11192 11194 11195 11196 11197 11198 11201 11202 11207 11208 11240 11353 11634 11719 11774 12435 12444 12483 12799 12870 12889 13083 13326 13432 13438 13737 13754 14069 14138 14153 14161 14262 14353 14784 14859 14953 14982 15017 15020 15047 15068 15106 15115 15179 15288 15363 15387 15400 15448 16292 16294 16298 16308 16317 16328 16333 16341 16343 16351 16357 16359 16366 
	}
	naval_terrain=water_fjords
	weather={
	}
}
