
strategic_region={
	id=4
	name="STRATEGICREGION_4"
	provinces={
		412 1225 1572 1646 1682 2138 2733 2836 2931 2984 3118 3252 3354 3641 3947 4164 4166 4705 4957 5093 5271 5288 5393 5402 5417 8149 8163 8182 8207 8214 8241 8303 8366 8382 8393 8409 8423 8424 8468 8469 8477 8491 8513 8535 8536 8537 8558 8565 8606 8618 8652 8674 8684 8708 8709 8763 8769 8791 8800 8808 8813 8846 8857 8874 8879 8884 11168 11170 11171 11172 11174 13627 14345 14578 14862 16209 16212 16228 
	}
	naval_terrain=water_fjords
	weather={
	}
}
