
strategic_region={
	id=118
	name="STRATEGICREGION_118"
	provinces={
		132 313 652 2261 2497 3282 4602 4991 5948 5949 11066 11401 11457 11467 11585 11645 11661 11680 11681 11701 11736 11769 11842 11915 11959 12067 12096 12245 12269 12313 12363 12451 12466 12470 12575 12580 12610 12617 12691 12716 12739 12754 12875 12883 12902 12921 12961 13001 13027 13072 13073 13081 13104 13124 13161 13177 13261 13430 13505 13563 13668 13678 13730 13795 13827 13838 13858 13893 13898 13902 13958 14152 14156 14159 14180 14184 14270 14291 14319 14344 14384 14524 14534 14535 14605 14666 14769 14795 14811 14812 14861 14868 14938 14950 15040 15139 15165 15184 15260 15290 15300 15306 15344 15393 15539 15542 15551 15584 15585 15591 15599 15608 15610 15613 15617 15622 15627 15630 15639 15652 15670 15671 15677 15687 15693 15701 15711 15712 15720 15734 15749 15760 15773 15785 15786 15810 
	}
	naval_terrain=water_deep_ocean
	weather={
	}
}
