
strategic_region={
	id=119
	name="STRATEGICREGION_119"
	provinces={
		1602 1844 1907 2551 3239 3412 3767 4126 4143 5198 5204 5391 5574 5635 5637 5951 5952 5954 5955 5956 5957 5959 5962 5963 5966 5967 5979 5981 5983 11265 11302 11478 11507 11596 11597 11608 11710 11857 11898 11935 11976 12029 12083 12110 12113 12251 12263 12320 12328 12331 12422 12438 12503 12511 12561 12756 12769 12834 12891 13043 13055 13098 13169 13273 13339 13392 13485 13569 13618 13761 13803 13843 13992 14051 14133 14303 14356 14357 14490 14496 14581 14593 14656 14752 14786 14824 14902 14914 15034 15138 15266 15289 15331 15357 15360 15515 15586 15587 15600 15631 15636 15642 15664 15673 15692 15699 15716 15717 15718 15719 15724 15738 15742 15747 15757 15787 
	}
	naval_terrain=water_deep_ocean
	weather={
	}
}
