
strategic_region={
	id=124
	name="STRATEGICREGION_124"
	provinces={
		75 246 247 354 552 641 720 944 1022 1032 1149 1227 1401 1427 1556 1624 2041 2087 2253 2442 2570 2572 2624 2671 2791 2827 2840 3097 3138 3165 3172 3222 3289 3430 3471 3479 4079 4191 4245 4254 4579 4629 4643 4830 4871 5053 5087 5098 5113 5126 5164 5254 5317 5400 5451 5517 5555 5589 5680 5724 5911 5932 6174 6275 6394 6413 6437 6441 6457 6478 6489 6515 6517 6533 6538 6558 6559 6565 6576 6588 6589 6602 6604 6605 6624 6625 6626 6627 6631 6632 6634 6639 6657 6664 6667 6669 6674 6678 6679 6696 6697 6698 6703 6719 6723 6726 6735 6746 6750 6754 6769 6780 6797 6817 6825 6848 6849 6870 6871 
	}
	weather={
	}
}
