
strategic_region={
	id=127
	name="STRATEGICREGION_127"
	provinces={
		821 913 1416 3079 3148 3413 3702 4575 4647 5751 6424 6448 6464 6516 6540 6544 6566 6584 6600 6618 6789 6850 6879 11126 11319 11552 11553 11580 11604 11707 11746 11773 11775 11927 11984 12221 12254 12284 12300 12437 12546 12549 12713 12728 12872 12948 13007 13041 13086 13089 13138 13382 13417 13419 13435 13451 13462 13584 13670 13899 13938 13973 14024 14077 14082 14139 14169 14213 14222 14236 14286 14342 14375 14398 14445 14563 14601 14675 14757 14841 14872 14923 14951 14960 14995 15010 15061 15074 15108 15110 15123 15131 15216 15319 15351 15388 15568 15849 15858 15859 15871 15885 15891 15905 15907 15924 15932 15936 15944 15946 15948 15949 15967 15969 15982 15993 16005 16009 16019 16030 16037 16053 16064 16075 
	}
	naval_terrain=water_deep_ocean
	weather={
	}
}
