
strategic_region={
	id=131
	name="STRATEGICREGION_131"
	provinces={
		264 351 678 966 1238 1392 1816 1948 2227 2299 2756 2837 2849 4594 4627 5850 5986 6099 6161 6267 6363 11081 11105 11350 11841 11921 12001 12101 12250 12505 12733 12839 12923 12924 13057 13204 13279 13431 13508 13515 13537 13542 13610 13624 13796 13822 13979 14002 14209 14232 14246 14392 14423 14518 14520 14874 14930 15032 15172 15271 15389 15409 15426 15433 15559 15731 15758 15799 15815 15817 15821 15832 15838 15842 15847 15854 15866 15869 15872 15880 15892 
	}
	naval_terrain=water_fjords
	weather={
	}
}
