
strategic_region={
	id=136
	name="STRATEGICREGION_136"
	provinces={
		1 138 282 365 715 1005 1111 1475 1859 2106 2234 2566 2637 2915 3383 3458 3513 3555 3648 3654 3685 3907 4017 4405 4450 4615 5524 5754 5773 5884 6047 6072 6088 6109 6129 6164 6251 6263 6278 6315 6348 6501 6505 6541 6675 11120 11122 11128 11130 11131 11489 11817 11890 12128 12226 12356 12446 12586 12599 12631 12792 12798 12809 12854 12918 13011 13044 13070 13113 13252 13282 13338 13466 13474 13510 13519 13652 13685 13693 13741 13751 13815 13919 13982 14007 14080 14255 14373 14458 14482 14523 14570 14586 14594 14625 14641 14670 14719 14725 14809 14871 14909 14949 14972 15107 15141 15144 15158 15268 15359 15418 15550 15563 15804 15834 15835 15843 15846 15848 15863 15867 15873 15889 15899 15901 15914 15918 15933 15955 15956 15985 
	}
	naval_terrain=water_fjords
	weather={
	}
}
