
strategic_region={
	id=140
	name="STRATEGICREGION_140"
	provinces={
		11242 11255 11275 11281 11287 11291 11310 11342 11375 11390 11391 11399 11414 11418 11448 11487 11498 11520 11534 11548 11555 11558 11660 11691 11750 11821 11939 11972 12169 12196 12235 12296 12305 12411 12450 12494 12668 12685 12819 12914 12956 12965 13071 13092 13178 13196 13347 13599 13600 13824 13860 13895 13903 14238 14455 14464 14650 14709 14766 14798 14838 15117 15159 15178 15233 15345 15434 15547 15571 15589 15590 15628 15681 15689 15690 15700 15702 15725 15726 15745 15765 15789 15795 15798 15823 
	}
	naval_terrain=water_deep_ocean
	weather={
	}
}
