
strategic_region={
	id=144
	name="STRATEGICREGION_144"
	provinces={
		11060 11061 11227 11259 11279 11379 11550 11614 11659 11785 11889 11986 12016 12061 12084 12114 12120 12148 12170 12333 12351 12414 12563 12592 12622 12748 12829 12845 12901 12990 12997 13033 13056 13061 13096 13154 13186 13189 13208 13228 13262 13320 13511 13560 13598 13607 13625 13671 13680 13797 13810 13832 13841 14021 14031 14171 14174 14259 14266 14294 14324 14360 14412 14428 14481 14559 14562 14576 14599 14667 14694 14722 14915 14935 15170 15205 15227 15302 15323 15415 15432 15463 15488 15502 16732 16754 16767 16770 16774 16775 16783 16793 16803 16805 16808 16811 16831 16855 16859 16874 16876 16879 16887 16897 16898 16903 16904 16907 16909 16910 
	}
	weather={
	}
}
