
strategic_region={
	id=146
	name="STRATEGICREGION_146"
	provinces={
		1674 3437 5799 7449 7495 7499 7579 7584 7637 7643 7819 7862 7877 7878 7935 11282 11381 11397 11403 11500 11546 11583 11622 11818 11828 11865 11902 12158 12166 12323 12337 12360 12637 12659 12679 12692 12706 12722 12813 12816 12842 12897 12922 13064 13079 13215 13220 13236 13336 13455 13608 13665 13892 13939 13985 14030 14047 14063 14214 14387 14501 14741 14802 14832 14875 14885 14898 14945 15022 15093 15295 15296 15374 16062 16108 16129 16146 16151 16153 16171 16172 16184 16214 16231 16235 16242 
	}
	weather={
	}
}
