
strategic_region={
	id=147
	name="STRATEGICREGION_147"
	provinces={
		2928 9635 9667 9700 9752 9767 9768 9798 9845 9857 9894 11308 11311 11344 11541 11638 11789 11867 11947 11969 12062 12076 12082 12344 12359 12384 12427 12491 12496 12647 12651 12844 12887 12913 13017 13067 13122 13136 13151 13190 13200 13328 13457 13744 13793 13817 13891 14039 14059 14112 14128 14148 14325 14404 14522 14751 14758 14934 14985 15004 15005 15166 15197 15386 15462 15579 16272 16284 16288 16307 16334 16337 16355 16356 16406 16414 16426 16442 16453 
	}
	weather={
	}
}
