
strategic_region={
	id=149
	name="STRATEGICREGION_149"
	provinces={
		5 48 326 457 634 768 845 951 957 1270 1511 1567 1665 1783 1809 1890 2249 2322 2410 2491 2649 2652 2779 2878 3021 3272 3310 3503 3547 3661 3720 3784 3805 4246 4258 4424 4437 4618 4783 4839 4850 5108 5146 5162 5184 5488 5790 5819 10352 10377 10433 10448 10481 10484 10485 10494 10497 10506 10521 10524 10535 10536 10539 10545 10547 10564 10565 10568 10571 10574 10583 10584 10592 10594 10615 10625 10634 11581 11609 11811 11997 11998 12123 12207 12379 12421 12533 12633 12747 12788 12810 12832 13080 13209 13324 13650 13677 13703 13842 14052 14285 14470 14546 14737 15006 15024 15092 15425 16461 16481 16485 16512 16528 16532 16535 16546 16553 16556 
	}
	naval_terrain=water_fjords
	weather={
	}
}
