
strategic_region={
	id=152
	name="STRATEGICREGION_152"
	provinces={
		11231 11373 11504 11522 11562 11568 11576 11618 11631 11672 11723 11733 11829 11839 11849 12026 12028 12064 12108 12117 12122 12130 12177 12185 12199 12321 12538 12540 12570 12601 12653 12700 12705 12762 12770 12789 12827 12850 12886 13031 13063 13066 13082 13097 13133 13275 13317 13318 13731 13733 13775 13872 13886 13909 13976 14351 14457 14612 14739 14763 15069 15187 15257 15258 15297 15459 15471 15486 15498 15548 15913 15966 16001 16003 16011 16023 16026 16034 16035 16038 16074 16085 
	}
	weather={
	}
}
