
strategic_region={
	id=153
	name="STRATEGICREGION_153"
	provinces={
		1276 1620 3167 3484 4065 4529 7085 7110 7115 7138 7147 7201 7202 7212 7223 7248 7294 11241 11251 11290 11296 11303 11317 11395 11427 11430 11528 11543 11667 11690 11712 11809 11847 11863 11938 12044 12238 12443 12453 12516 12522 12551 12596 12604 12606 12627 12642 12802 12817 12917 13038 13139 13290 13361 13374 13405 13443 13471 13530 13541 13545 13555 13585 13662 13732 13777 13926 14018 14034 14055 14109 14147 14208 14272 14302 14321 14402 14440 14588 14627 14676 14721 14723 14760 14787 14789 14796 14801 15072 15156 15161 15222 15244 15284 15310 15401 15507 15528 16022 16061 16077 16090 16091 16097 16100 16101 16111 16112 16115 16117 16121 16122 16124 16125 16131 16134 16144 16147 16154 16165 16177 16186 
	}
	weather={
	}
}
