
strategic_region={
	id=156
	name="STRATEGICREGION_156"
	provinces={
		11250 11256 11393 11456 11468 11538 11594 11694 11907 12181 12189 12194 12244 12474 12492 12515 12524 12571 12576 12609 12793 12847 12851 12869 12932 12939 13047 13090 13132 13159 13309 13531 13561 13606 13632 13658 13675 13681 13683 13729 13794 13934 14066 14293 14427 14467 14493 14509 14531 14626 14628 14637 14685 14820 14845 14894 14993 15083 15103 15208 15278 15414 15446 15532 15574 15906 15937 15939 15951 15952 15960 15977 15997 15998 16015 16088 16104 16116 16123 16127 16130 16160 16192 16194 16195 16200 
	}
	weather={
	}
}
