
strategic_region={
	id=160
	name="STRATEGICREGION_160"
	provinces={
		11309 11345 11347 11440 11473 11510 11682 11687 11698 11699 11791 11808 11810 11965 11993 12002 12089 12133 12212 12270 12302 12345 12471 12542 12558 12618 12624 12703 12726 12759 12881 12911 12940 12941 12959 12988 13008 13069 13126 13143 13271 13293 13304 13377 13390 13449 13533 13684 13753 13787 13799 13801 13916 14006 14110 14126 14151 14181 14202 14278 14280 14320 14385 14411 14456 14469 14500 14504 14527 14564 14615 14636 14834 14906 14976 14977 14996 14999 15125 15239 15298 15301 15305 15452 15457 15470 15476 15504 15544 15580 16626 16630 16631 16635 16637 16640 16653 16655 16662 16669 16674 16677 16692 16697 16729 16742 16764 16784 16796 16798 16802 16814 16818 
	}
	weather={
	}
}
