
strategic_region={
	id=27
	name="STRATEGICREGION_27"
	provinces={
		703 910 1212 2140 4369 11083 11087 11094 11095 11096 11098 11104 11106 11108 11111 11461 11477 11655 11903 12005 12006 12019 12167 12480 12485 12508 12521 12818 13004 13024 13049 13300 13499 13527 13579 13582 13825 13962 14008 14009 14011 14191 14382 14508 14598 14619 14718 14793 14850 14881 14891 14943 14973 15148 15230 15240 15336 15350 15405 15531 15537 15688 15694 15696 15703 15714 15736 15737 15739 15776 15790 15796 15802 15811 15812 15822 15824 15829 15833 15841 15851 15853 15856 15864 15868 15887 15893 
	}
	naval_terrain=water_fjords
	weather={
	}
}
