
strategic_region={
	id=59
	name="STRATEGICREGION_59"
	provinces={
		3642 7453 7629 7645 7718 7754 7771 11147 11150 11152 11153 11155 11158 11160 11161 11164 11253 11349 11619 11637 11941 12009 12090 12239 12259 12364 12378 12390 12554 12708 12720 12885 13078 13119 13180 13366 13446 13551 13604 13879 13910 13937 14154 14173 14192 14516 14595 14805 14848 15048 15154 15219 15249 15251 15324 15337 15404 16082 16096 16099 16105 16113 16119 16120 16132 16133 16136 16142 16149 16155 16161 16166 16168 16178 16179 16201 
	}
	weather={
	}
}
