
strategic_region={
	id=68
	name="STRATEGICREGION_68"
	provinces={
		113 124 757 798 846 947 1003 1089 1096 1289 1345 1395 1471 1533 1595 1680 1709 1726 1729 2025 2161 2176 2193 2196 2296 2438 2446 2448 2520 2540 2545 2648 2728 2783 3052 3126 3217 3270 3301 3369 3393 3511 3590 3599 3844 3932 4169 4239 4416 4626 4648 4665 4716 4793 4897 4917 5057 5160 5307 5354 5469 5533 5783 5860 8153 8177 8206 8260 8289 8290 8302 8317 8397 8433 8440 8459 8465 8480 8508 8520 8526 8545 8556 8569 8575 8584 8629 8640 8641 8667 8677 8686 8706 8779 8788 8811 8842 8845 8853 8854 8871 8883 8890 8900 8942 8949 8955 8961 8988 8993 8994 8998 9003 9034 9062 9066 9082 9085 9113 9117 9133 9141 9148 9154 9155 
	}
	weather={
	}
}
