
strategic_region={
	id=73
	name="STRATEGICREGION_73"
	provinces={
		18 180 565 571 648 698 712 754 974 1010 1060 1154 1241 1326 1458 1799 1879 1944 2179 2543 2616 2750 2875 3011 3042 3091 3122 3175 3422 3502 3538 3539 3622 3727 3909 3979 4047 4148 4209 4233 4357 4444 4503 4841 4875 4901 4994 5215 5250 5624 5807 5833 5835 5846 7422 7589 7600 7630 7673 7732 7733 7755 7764 7782 7789 7790 7795 7814 7832 7851 7902 7945 8045 8052 8069 8096 8101 8114 8132 8178 8212 8219 8278 8312 8357 8363 8372 8386 8481 
	}
	weather={
	}
}
