
strategic_region={
	id=76
	name="STRATEGICREGION_76"
	provinces={
		397 700 728 794 897 964 988 1019 1408 1603 1908 1958 2002 2015 2089 2213 2310 2401 2412 2581 2633 2638 2740 2776 2785 2857 3159 3232 3518 3569 3878 4000 4051 4094 4509 4619 4766 4821 4831 4951 4966 5410 5667 7090 7131 7139 7164 7167 7189 7190 7213 7227 7241 7254 7282 7283 7298 7300 7309 7339 7344 7352 7387 7392 7435 7440 7447 7482 7631 7632 7652 7729 7946 8026 8097 8137 11148 11149 11151 11154 11157 11931 12201 12765 12864 13075 13085 13140 13213 13255 13371 13440 13725 13778 13833 13850 13877 14042 14098 14131 14143 14190 14443 14484 14635 14642 14720 14761 14790 14864 15114 15143 15509 16087 16114 16128 16137 16156 16164 16169 16180 16183 16185 16190 16196 
	}
	naval_terrain=water_fjords
	weather={
	}
}
