
strategic_region={
	id=78
	name="STRATEGICREGION_78"
	provinces={
		16 107 320 1512 1683 1789 1979 2128 2480 2489 2769 3012 3017 3316 3442 3572 4250 4452 4489 4786 4890 4971 5048 5094 5178 5203 5282 5369 5440 5594 5596 5615 5621 5821 5864 5887 7050 7099 7128 7181 7184 7185 7218 7225 7267 7271 7291 7301 7305 7319 7327 7340 7345 7349 7358 7377 7385 7402 7408 7441 7442 7459 7470 7489 7498 7511 7512 7517 7522 7527 7533 7551 7578 7583 7590 7609 7662 7674 7675 7709 7719 11136 11383 11743 11766 11944 12367 12531 12597 12630 12649 12661 12666 13102 13145 13487 13687 13798 13875 14229 14506 15127 15134 15218 15450 15482 15510 16014 16028 16055 16079 16107 16109 16145 
	}
	naval_terrain=water_fjords
	weather={
	}
}
