
strategic_region={
	id=81
	name="STRATEGICREGION_81"
	provinces={
		1199 2158 2662 3954 4062 4636 5617 5818 10011 10017 10040 10041 10066 10084 10087 10094 10100 10106 10143 10163 10174 10196 10203 10216 10335 10364 10367 11209 11210 11211 11212 11213 11216 11217 11218 11219 11225 11226 11521 11800 11943 12326 12371 12814 12944 13346 13521 13571 13783 14377 14545 14740 14771 14941 15038 15097 15098 15118 15281 15286 15565 16395 16415 16421 16446 16450 16452 16462 16497 16527 
	}
	naval_terrain=water_shallow_sea
	weather={
	}
}
