
strategic_region={
	id=83
	name="STRATEGICREGION_83"
	provinces={
		524 952 1472 1690 2031 2104 2944 3116 3181 4158 4272 4315 4363 4704 4797 4861 5480 5563 10501 10512 10531 10629 11316 11459 11464 11533 11636 11777 11874 11948 11964 12018 12099 12144 12175 12204 12277 12283 12340 12353 12475 12550 12556 12619 12787 12947 13106 13142 13311 13315 13403 13727 13774 13984 14130 14179 14207 14228 14410 14429 14468 14629 14682 14888 14986 15070 15171 15371 16543 16552 16554 16565 16568 16572 16574 16619 
	}
	weather={
	}
}
