
strategic_region={
	id=84
	name="STRATEGICREGION_84"
	provinces={
		2413 4722 5722 10058 10083 10098 10105 10291 10320 10329 10337 10339 10366 11214 11215 11220 11221 11222 11223 11224 11244 11270 11277 11286 11313 11388 11420 11441 11488 11516 11561 11573 11606 11623 11633 11639 11647 11654 11729 11992 12012 12051 12220 12224 12361 12468 12513 12654 12678 12712 12782 12843 12960 13107 13171 13231 13244 13247 13286 13313 13363 13476 13529 13549 13654 13672 13758 13885 13915 14083 14366 14465 14510 14565 14614 14633 14672 14696 14707 14825 14827 15112 15263 15334 15340 15362 15365 15487 15489 15490 15527 16367 16368 16372 16377 16381 16389 16394 16400 16402 16418 16441 16448 16457 16470 16471 16483 
	}
	weather={
	}
}
