
strategic_region={
	id=88
	name="STRATEGICREGION_88"
	provinces={
		74 134 139 166 178 200 243 257 300 363 444 536 537 545 553 557 644 684 730 743 778 780 786 838 842 857 867 927 928 1040 1086 1147 1256 1260 1329 1387 1534 1539 1563 1576 1623 1698 1815 1851 1872 1883 1906 1930 1971 2022 2083 2186 2368 2460 2485 2558 2602 2663 2674 2688 2808 2881 2932 2988 3069 3153 3173 3193 3226 3256 3322 3328 3338 3339 3402 3444 3493 3519 3716 3789 3910 3928 3937 4024 4037 4055 4283 4399 4442 4513 4535 4961 5102 5122 5168 5173 5294 5311 5342 5397 5525 5539 5569 5571 5676 5710 5730 5794 6946 6975 6982 6999 7009 7010 7024 7033 7041 7042 7052 7053 7082 7083 7094 7111 7123 7126 7129 7159 7174 7176 7195 7198 7203 7214 7242 7243 7244 7257 7258 7278 7279 7284 7306 7314 7315 7316 7331 7333 7341 7359 7367 7379 7384 7396 7436 7443 7454 7472 7483 7504 7529 7573 7574 7575 7591 7596 7601 7602 7613 7626 7734 7840 7911 7960 8034 8103 8199 8335 
	}
	weather={
	}
}
