
strategic_region={
	id=89
	name="STRATEGICREGION_89"
	provinces={
		43 51 61 78 106 116 150 156 192 195 220 263 317 336 341 409 431 436 452 477 484 517 525 586 609 643 657 674 744 764 835 840 886 889 909 919 932 949 972 998 1020 1026 1124 1137 1181 1265 1327 1368 1422 1451 1462 1499 1500 1518 1532 1537 1549 1552 1575 1640 1685 1700 1703 1712 1757 1768 1796 1835 1853 1905 1915 2009 2011 2012 2064 2071 2072 2088 2125 2148 2149 2178 2205 2208 2221 2229 2265 2381 2402 2406 2414 2441 2465 2501 2538 2539 2546 2560 2577 2585 2588 2641 2677 2729 2763 2809 2820 2872 2964 3018 3084 3094 3131 3132 3195 3220 3229 3291 3300 3331 3336 3350 3394 3395 3447 3490 3524 3571 3577 3679 3769 3793 3797 3831 3838 3875 3885 3886 3892 3899 3946 3952 3961 3965 3967 3981 3992 3998 4007 4039 4041 4061 4114 4132 4177 4226 4236 4347 4362 4366 4413 4497 4543 4551 4553 4599 4611 4633 4674 4677 4696 4700 4709 4782 4840 4907 4920 5020 5103 5157 5161 5220 5285 5309 5318 5329 5388 5405 5418 5444 5449 5513 5586 5626 5677 5715 5752 5757 5781 5797 5844 5868 5877 5913 6993 7008 7022 7040 7059 7070 7077 7100 7103 7108 7122 7145 7191 7295 7310 7320 7332 7362 7366 7370 7378 7394 7403 7414 7415 7423 7424 7460 7464 7471 7477 7503 7523 7528 7556 7562 7568 7572 7580 7595 7610 7611 7624 7625 7653 7676 7747 7774 7791 7799 7802 7803 7804 7821 7833 7834 7869 7870 7881 7882 7887 7895 7896 7924 7949 7957 7958 7959 7973 7981 7982 7990 7995 7996 8013 8018 8019 8033 8040 8046 8047 8081 8238 8296 8404 8474 8590 8597 8604 8611 8659 8681 8689 8735 8746 8773 8781 8855 8861 8902 8958 9000 9013 9016 9024 9025 9041 9093 9108 9123 16921 16922 
	}
	weather={
	}
}
