
strategic_region={
	id=90
	name="STRATEGICREGION_90"
	provinces={
		82 105 120 122 160 253 286 327 419 433 469 543 694 762 795 843 853 875 893 956 963 986 1031 1098 1110 1118 1192 1195 1197 1285 1361 1398 1434 1455 1486 1513 1536 1692 1743 1755 1758 1782 1785 1810 1937 1939 1942 1968 1982 2000 2008 2043 2121 2152 2168 2245 2263 2269 2294 2336 2439 2445 2601 2623 2670 2746 2761 2794 2802 2896 2949 2965 3088 3150 3183 3190 3240 3241 3375 3456 3509 3604 3607 3608 3670 3672 3686 3700 3728 3765 3820 3876 4015 4073 4112 4190 4212 4297 4305 4313 4318 4358 4364 4375 4463 4574 4628 4707 4744 4798 4804 4856 4906 4941 4962 4981 5128 5136 5144 5287 5295 5561 5578 5650 5685 5743 5804 5847 5920 7395 7409 7416 7461 7500 7540 7557 7612 7647 7657 7683 7701 7713 7714 7741 7742 7748 7749 7761 7767 7768 7783 7805 7806 7808 7817 7820 7822 7823 7835 7839 7854 7855 7856 7863 7871 7879 7883 7888 7889 7897 7903 7910 7920 7925 7926 7931 7936 7950 7983 7984 8006 8007 8014 8020 8053 8054 8082 8091 8110 8111 8133 8138 8139 8148 8180 8191 8198 8221 8222 8231 8239 8240 8253 8265 8266 8267 8268 8299 8326 8376 8380 8392 8398 8413 8460 8475 8476 8499 8500 8563 8564 8616 8637 8782 
	}
	weather={
	}
}
