
strategic_region={
	id=92
	name="STRATEGICREGION_92"
	provinces={
		4 20 83 108 146 151 185 190 197 216 273 292 294 302 324 338 344 383 448 466 574 588 597 606 620 632 638 695 753 823 828 865 916 920 948 968 985 1000 1008 1042 1084 1134 1136 1143 1176 1185 1203 1291 1306 1339 1343 1365 1374 1404 1493 1504 1525 1529 1564 1580 1604 1607 1609 1618 1619 1653 1655 1684 1689 1741 1751 1832 1866 1869 1880 1940 1945 1953 1960 2010 2079 2095 2156 2203 2257 2311 2347 2395 2423 2454 2467 2484 2527 2529 2531 2575 2593 2645 2694 2708 2710 2764 2781 2854 2863 2869 2924 2939 2982 2995 3049 3063 3077 3096 3133 3139 3188 3259 3261 3311 3317 3414 3438 3440 3527 3544 3550 3568 3652 3665 3815 3880 3905 3914 3968 4129 4149 4170 4213 4214 4235 4307 4324 4330 4385 4394 4404 4414 4475 4484 4531 4564 4697 4803 4807 4882 4898 4948 5139 5171 5179 5224 5298 5328 5337 5357 5474 5504 5553 5584 5597 5664 5683 5693 5826 9395 9454 9455 9462 9474 9512 9559 9569 9606 9613 9630 9636 9661 9668 9682 9702 9716 9734 9764 9770 9781 9809 9816 9824 9832 9833 9841 9846 9858 9862 9880 9887 9896 9897 9904 9911 9912 9925 9929 9938 9948 9950 9951 9954 9958 9959 9960 9974 9980 9987 9988 9995 9996 9997 10005 10007 10008 10012 10018 10026 10027 10031 10042 10044 10048 10053 10055 10067 10082 10093 10095 10102 10123 10133 10134 10137 10141 10146 10150 10164 10165 10170 10179 10180 10181 10183 10185 10186 10192 10197 10201 10210 10212 10226 10230 10234 10235 10237 10246 10247 10252 10279 10281 10293 10296 10297 10313 10319 10354 10355 10358 10397 16929 16930 16931 16932 
	}
	weather={
	}
}
